8  
 756.88  354.00  208.64  92.10   0.00   0.00   0.00   0.00      64232.31 
 354.00  756.88  92.10  208.64   0.00   0.00   0.00   0.00      64232.31 
 208.64  92.10  913.77  408.00  208.65  92.10   0.00   0.00      38465.19 
 92.10  208.64  408.00  913.77  92.10  208.65   0.00   0.00      38465.19 
  0.00   0.00  208.65  92.10  913.77  408.00  208.64  92.10      38465.19 
  0.00   0.00  92.10  208.65  408.00  913.77  92.10  208.64      38465.19 
  0.00   0.00   0.00   0.00  208.64  92.10  456.88  204.00      19232.31 
  0.00   0.00   0.00   0.00  92.10  208.64  204.00  456.88      19232.31 
